0103563000602
0103563000637
0103563001137
0103563001251
0103563001439
0105563016861
0102563000041
0103563000114
0103563000173
0103563000211
0103563000343
0103563000351
0103563000467
0103563000483
0103563000653
0103563000696
0103563000734
0103563001099
0103563001102
0103563001170
0103563001226
0103563001234
0103563001358
0103563001391
0103563001447
0103563001455
0103563001561
0103563001625
0103563001706
0103563001773
0105563000230
0105563000779
0105563000990
0105563001422
0105563001431
0105563001449
0105563002321
0105563002399
0105563003026
0105563003174
0105563004065
0105563004782
0105563004952
0105563005363
0105563005401
0105563005797
0105563006025
0105563006076
0105563006467
0105563006602
0105563006629
0105563006637
0105563006653
0105563006661
0105563006807
0105563007137
0105563007862
0105563008320
0105563008443
0105563008451
0105563009482
0105563010201
0105563010405
0105563010634
0105563011096
0105563011118
0105563011185
0105563011487
0105563011657
0105563011827
0105563012653
0105563012904
0105563013447
0105563013625
0105563013854
0105563014401
0105563014737
0105563014923
0105563015750
0105563015784
0105563015792
0105563016209
0105563016675
0105563017001
0105563017299
0105563018040
0105563019194
0105563010766
0102563000016
0102563000024
0105563009628
0105563009636
0103563001692
0103563000106
0105563005096
0105563005134
0105563007234
0105563007374
0105563012831
0105563013528
0105563015385
0105563018937
0105563001546
0115563001112
0115563000540
0115563002704
0115563000892
0115563002127
0115563002437
0115563000159
0115563002259
0115563000272
0115563002801
0115563000230
0115563001945
0115563000060
0115563000213
0115563000612
0115563000698
0115563001228
0115563001309
0115563001635
0115563001678
0115563001694
0115563002089
0115563002453
0115563002461
0115563002682
0115563002798
0115563002925
0115563002933
0115563000647
0115563001333
0115563000841
0115563001368
0115563002151
0115563002852
0115563000043
0115563002135
0115563001295
0115563001449
0115563000477
0115563001627
0115563000311
0115563002941
0115563000442
0115563000957
0115563002607
0113563000301
0115563001953
0115563002429
0115563000531
0115563001783
0115563002771
0113563000521
0115563000493
0115563000795
0115563000914
0115563000990
0115563002232
0115563002011
0115563000183
0115563000981
0115563001066
0115563001261
0115563001597
0115563001619
0115563001741
0115563002658
0115563001791
0115563001864
0115563002381
0115563002411
0115563002861
0113563000416
0115563000132
0115563000191
0115563000361
0115563000515
0115563000604
0115563001074
0115563001139
0115563001481
0115563001848
0115563001996
0115563002283
0115563002593
0115563002615
0115563002712
0115563002844
0115563002895
0113563000297
0113563000513
0115563000027
0115563000094
0115563000116
0115563000141
0115563000264
0115563000329
0115563000345
0115563000370
0115563000396
0115563000400
0115563000418
0115563000566
0115563000671
0115563000701
0115563000761
0115563000809
0115563000833
0115563001325
0115563001341
0115563001350
0115563001422
0115563001571
0115563001601
0115563001881
0115563001937
0115563002003
0115563002097
0115563002241
0115563002496
0115563002518
0115563002569
0115563002577
0115563002691
0115563002739
0115563002879
0115563002887
0115563002950
0115563002968
0113563000149
0113563000165
0113563000386
0113563000459
0115563000019
0115563000078
0115563000086
0115563000108
0115563000167
0115563000337
0115563000621
0115563000639
0115563000752
0115563000817
0115563000876
0115563000965
0115563001015
0115563001031
0115563001082
0115563001147
0115563001171
0115563001198
0115563001236
0115563001376
0115563001406
0115563001414
0115563001457
0115563001465
0115563001708
0115563001767
0115563001805
0115563001856
0115563001872
0115563001899
0115563001911
0115563001961
0115563001988
0115563002020
0115563002101
0115563002160
0115563002178
0115563002488
0115563002585
0115563002747
0115563002763
0115563002780
0115563002810
0115563002909
0113563000050
0113563000092
0113563000599
0115563000302
0115563000469
0115563000582
0115563000949
0115563001040
0115563001589
0115563001732
0115563001775
0115563001830
0115563001929
0115563002836
0113563000033
0113563000041
0113563000106
0113563000114
0113563000131
0113563000190
0113563000254
0113563000335
0113563000351
0113563000408
0113563000491
0113563000530
0115563000035
0115563000175
0115563000221
0115563000256
0115563000426
0115563000434
0115563000451
0115563000485
0115563000523
0115563000558
0115563000574
0115563000655
0115563000663
0115563000728
0115563000736
0115563000744
0115563000779
0115563000787
0115563000825
0115563000850
0115563000906
0115563000922
0115563000931
0115563000973
0115563001023
0115563001058
0115563001121
0115563001155
0115563001163
0115563001180
0115563001244
0115563001279
0115563001384
0115563001392
0115563001431
0115563001473
0115563001503
0115563001520
0115563001538
0115563001546
0115563001554
0115563001643
0115563001651
0115563001660
0115563001716
0115563001759
0115563001902
0115563002038
0115563002046
0115563002054
0115563002062
0115563002071
0115563002143
0115563002186
0115563002194
0115563002216
0115563002224
0115563002275
0115563002305
0115563002313
0115563002321
0115563002330
0115563002364
0115563002372
0115563002500
0115563002526
0115563002542
0115563002631
0115563002640
0115563002721
0115563002755
0115563002828
0115563002917
0115563002976
0115563002984
0113563000271
0113563000289
0113563000432
0115563000248
0115563000281
0115563000507
0115563000591
0115563000710
0115563001007
0115563001201
0115563001511
0115563001970
0115563002119
0115563002402
0115563002623
0113563000017
0113563000173
0115563000051
0115563000388
0115563000680
0115563001104
0115563001287
0115563001317
0115563001490
0115563001686
0115563002208
0115563002267
0115563002291
0115563002348
0115563002356
0115563002470
0115563002551
0115563001091
0115563001821
0113563000157
0113563000505
0113563000564
0115563002534
0113563000319
0113563000360
0113563000394
0115563000205
0115563001252
0113563000327
0113563000424
0113563000076
0113563000262
0113563000483
0115563002666
0113563000122
0113563000581
0113563000475
0113563000246
0113563000572
0115563002445
0113563000343
0113563000068
0113563000203
0113563000211
0115563002399
0113563000238
0115563001813
0113563000220
0115563000299
0115563001210
0113563000467
0113563000548
0115563001724
0115563002674
0113563000556
0113563000181
0113563000441
0115563000884
0115563001562
0113563000084
0113563000378
0115563000124
0113563000025
0123563000017
0123563000025
0123563000068
0123563000114
0123563000211
0123563000246
0123563000254
0123563000262
0123563000289
0123563000297
0123563000327
0123563000335
0123563000343
0123563000408
0123563000416
0123563000424
0105563000299
0125563000116
0125563000132
0125563000141
0125563000213
0125563000299
0125563000329
0125563000400
0125563000418
0125563000434
0125563000451
0125563000469
0125563000477
0125563000639
0125563000841
0125563000850
0125563000868
0125563000884
0125563000892
0125563000949
0125563000973
0125563001007
0125563001023
0125563001040
0125563001058
0125563001121
0125563001201
0125563001244
0125563001261
0125563001295
0125563001392
0125563001431
0125563001465
0125563001481
0125563001520
0125563001597
0125563001694
0125563001708
0125563001724
0125563001732
0125563001741
0125563001830
0125563001988
0125563002038
0125563002216
0125563002259
0125563002267
0125563002291
0125563002348
0125563002372
0125563002381
0125563002399
0125563002461
0125563002518
0125563002534
0125563002585
0125563002640
0125563002704
0125563002755
0125563002771
0125563002810
0125563002836
0125563002844
0125563003026
0125563003042
0125563003051
0125563003093
0125563003158
0125563003166
0125563003174
0125563003212
0125563003263
0125563003271
0125563003298
0125563003336
0125563003344
0125563003492
0125563003506
0123563000041
0123563000050
0123563000076
0123563000084
0123563000181
0123563000203
0123563000220
0123563000301
0123563000319
0123563000386
0123563000394
0123563000441
0123563000459
0123563000475
0733563000216
0125563000035
0125563000086
0125563000167
0125563000175
0125563000205
0125563000337
0125563000345
0125563000396
0125563000591
0125563000604
0125563000663
0125563000680
0125563000698
0125563000779
0125563000825
0125563000833
0125563000906
0125563000981
0125563000990
0125563001015
0125563001031
0125563001112
0125563001139
0125563001171
0125563001180
0125563001198
0125563001210
0125563001317
0125563001333
0125563001368
0125563001490
0125563001538
0125563001619
0125563001651
0125563001660
0125563001678
0125563001767
0125563001805
0125563001821
0125563001864
0125563001929
0125563001996
0125563002003
0125563002054
0125563002127
0125563002135
0125563002143
0125563002232
0125563002241
0125563002356
0125563002364
0125563002526
0125563002569
0125563002623
0125563002666
0125563002712
0125563002861
0125563002879
0125563002917
0125563003000
0125563003034
0125563003123
0125563003140
0125563003221
0125563003239
0125563003409
0125563003441
0125563003484
0123563000033
0123563000131
0123563000165
0123563000190
0123563000238
0123563000351
0125563000043
0125563000051
0125563000060
0125563000094
0125563000108
0125563000124
0125563000230
0125563000256
0125563000281
0125563000370
0125563000515
0125563000523
0125563000558
0125563000582
0125563000647
0125563000655
0125563000710
0125563000736
0125563000744
0125563000752
0125563000787
0125563000809
0125563000817
0125563000876
0125563000922
0125563000957
0125563001074
0125563001104
0125563001147
0125563001155
0125563001228
0125563001236
0125563001287
0125563001309
0125563001325
0125563001376
0125563001384
0125563001414
0125563001422
0125563001449
0125563001562
0125563001571
0125563001589
0125563001627
0125563001643
0125563001686
0125563001716
0125563001775
0125563001872
0125563001911
0125563001953
0125563001970
0125563002101
0125563002119
0125563002160
0125563002178
0125563002194
0125563002224
0125563002275
0125563002283
0125563002437
0125563002453
0125563002488
0125563002551
0125563002577
0125563002615
0125563002674
0125563002682
0125563002747
0125563002763
0125563002780
0125563002798
0125563002801
0125563002933
0125563002950
0125563002976
0125563002992
0125563003018
0125563003069
0125563003115
0125563003191
0125563003204
0125563003301
0125563003328
0125563003352
0125563003387
0125563003395
0125563003417
0125563003450
0125563003468
0125563003476
0123563000106
0123563000149
0123563000157
0123563000271
0125563000027
0125563000078
0125563000221
0125563000264
0125563000272
0125563000442
0125563000485
0125563000493
0125563000507
0125563000531
0125563000566
0125563000574
0125563000612
0125563000701
0125563000761
0125563000795
0125563000914
0125563000965
0125563001163
0125563001503
0125563001554
0125563001783
0125563001813
0125563001848
0125563001856
0125563001899
0125563001945
0125563002011
0125563002470
0125563002593
0125563002607
0125563002658
0125563002852
0125563002925
0125563003077
0125563003085
0125563003131
0125563003247
0125563003280
0125563003361
0125563003425
0125563003514
0125563003522
0123563000092
0123563000360
0123563000378
0123563000432
0123563000467
0125563000159
0125563000183
0125563000191
0125563000248
0125563000302
0125563000311
0125563000353
0125563000361
0125563000426
0125563000540
0125563000621
0125563000671
0125563000728
0125563000931
0125563001066
0125563001082
0125563001091
0125563001252
0125563001341
0125563001350
0125563001406
0125563001457
0125563001473
0125563001511
0125563001546
0125563001601
0125563001791
0125563001881
0125563001902
0125563002020
0125563002046
0125563002062
0125563002071
0125563002089
0125563002097
0125563002151
0125563002208
0125563002305
0125563002313
0125563002321
0125563002330
0125563002402
0125563002429
0125563002445
0125563002496
0125563002500
0125563002542
0125563002691
0125563002721
0125563002739
0125563002828
0125563002895
0125563002909
0125563002941
0125563002968
0125563002984
0125563003107
0125563003182
0125563003433
0123563000173
0125563000388
0125563001279
0125563001635
0125563001759
0125563001937
0125563001961
0125563002186
0125563002411
0125563002631
0125563002887
0125563003255
0125563003310
0125563003379
0135563000272
0135563000281
0135563001317
0135563000671
0135563001228
0135563001341
0135563002127
0135563000850
0135563001015
0135563002178
0135563000167
0135563002496
0135563002330
0135563002739
0135563000485
0135563002224
0135563001104
0135563001121
0135563001422
0133563000033
0135563001724
0135563001902
0135563000086
0135563000108
0135563001163
0135563002411
0135563002356
0135563002909
0135563000817
0135563001716
0135563002534
0135563002691
0135563002208
0135563000604
0135563002020
0135563001112
0133563000050
0133563000114
0135563001678
0135563002305
0135563002526
0135563000175
0135563000205
0135563001350
0135563001805
0135563000906
0135563001074
0135563001368
0135563002810
0133563000301
0135563001261
0135563000787
0135563001031
0135563002160
0135563002852
0135563000540
0135563002798
0135563001058
0135563002933
0135563001244
0135563001198
0133563000335
0133563000394
0135563000027
0135563000124
0135563000248
0135563000329
0135563000361
0135563000434
0135563000442
0135563000647
0135563000701
0135563000736
0135563000779
0135563000868
0135563000914
0135563001007
0135563001210
0135563001252
0135563001457
0135563001465
0135563001589
0135563001601
0135563001627
0135563001635
0135563001767
0135563001775
0135563002054
0135563002062
0135563002283
0135563002364
0135563002399
0135563002429
0135563002470
0135563002771
0135563002801
0135563002828
0135563002861
0135563002917
0135563002941
0133563000190
0133563000459
0133563000475
0135563000060
0135563000388
0135563000493
0135563000621
0135563001040
0135563001473
0135563001741
0135563001945
0135563002313
0135563002577
0135563002682
0135563002844
0133563000025
0133563000068
0133563000076
0133563000084
0133563000149
0133563000165
0133563000203
0133563000262
0133563000343
0133563000441
0133563000491
0135563000019
0135563000094
0135563000132
0135563000191
0135563000264
0135563000299
0135563000311
0135563000353
0135563000370
0135563000400
0135563000426
0135563000582
0135563000639
0135563000663
0135563000744
0135563000825
0135563000931
